UK_population.asc
ncols         652 -> /4 = 163
nrows         1211 -> /7 = 173
xllcorner     4000
yllcorner     7000
cellsize      1000
NODATA_value  -1
[rows 880 to 934 of 1211, columns 384 to 479 of 652]
374 2 -1 -1 14 20 191 493 76 7 4 -1 17 13 239 129 61 -1 -1 54 -1 24 -1 -1 70 135 9 16 58 0 20 -1 -1 96 54 38 55 35 98 -1 27 152 10 458 819 621 4793 2247 3751 5781 3757 86 7 15 26 13 8 4 47 1149 2537 2951 1918 1318 5102 5580 505 248 1041 885 6112 4444 1338 104 17 67 28 -1 40 54 175 12 4 17 17 -1 14 52 60 -1 -1 35 10 -1 87 28
95 13 -1 32 150 11 21 42 7 -1 -1 29 35 106 128 56 91 93 21 19 10 78 57 -1 -1 -1 27 24 27 -1 24 -1 9 29 27 34 12 12 22 11 24 -1 333 1968 4059 6042 6870 1694 1397 2840 3476 2320 4214 744 1003 6 20 14 351 3713 3770 2670 2003 4616 4243 5118 688 23 2624 2557 4911 3615 2879 76 37 15 -1 14 18 -1 409 35 1 25 8 -1 112 150 9 8 35 4 18 -1 -1 15
147 463 222 368 25 -1 22 6 -1 -1 2 160 20 2 114 116 0 -1 208 275 217 -1 -1 14 30 119 -1 -1 58 1 124 26 7 22 10 62 -1 76 10 -1 10 90 3562 2441 811 3692 8694 4621 600 518 1915 1619 3810 314 1053 71 90 189 434 3204 1105 1733 2564 3598 962 2080 846 3501 2555 3259 1719 2205 1113 108 12 3 1733 1209 30 37 1462 6 16 -1 10 76 -1 2 -1 22 9 256 8 9 -1 32
21 2117 2189 -1 -1 32 474 43 -1 -1 -1 -1 -1 23 -1 -1 -1 8 -1 2250 3323 500 70 741 137 18 -1 9 -1 27 34 -1 47 -1 -1 9 18 -1 28 35 15 7 4051 3298 2903 4164 9926 9942 1173 1810 343 145 403 2001 2988 58 54 103 449 3408 4907 3598 2859 2168 170 19 3948 5770 639 446 223 98 800 427 89 20 2084 1928 10 68 45 28 7 2 448 85 12 -1 80 168 156 -1 -1 46 1 190
8 1843 2559 2024 17 32 45 8 78 83 -1 21 4 -1 -1 -1 33 171 363 588 1897 1543 6 296 160 19 38 125 17 -1 4 -1 314 30 49 97 15 20 8 36 40 725 825 2329 2831 4121 5376 4624 4118 5149 4464 1362 16 18 18 578 2088 1404 1956 2318 1944 3938 918 8 9 42 3519 4013 1936 2688 116 -1 278 239 55 8 -1 6 18 43 -1 98 114 7 -1 66 -1 -1 145 -1 -1 12 -1 25 32 131
76 1826 1289 2034 -1 -1 6 8 19 169 -1 5 121 -1 -1 -1 2 78 6 67 1361 1485 -1 -1 -1 -1 70 478 117 1 14 124 63 42 45 -1 -1 24 108 326 19 133 13 1110 2527 4719 4186 1146 2057 4796 5255 4825 140 92 60 -1 187 10 987 5351 4876 2117 190 -1 153 31 -1 18 374 1632 41 12 -1 181 100 17 0 66 21 2 -1 6 20 -1 5 53 52 21 19 -1 -1 -1 -1 14 5 25
39 25 119 135 -1 -1 -1 -1 32 28 12 48 10 -1 46 -1 58 15 3 -1 -1 47 -1 26 5 150 -1 108 135 42 87 168 96 68 22 72 200 177 1487 567 23 15 177 40 19 3264 3922 51 1410 3840 823 900 150 43 4 11 146 0 930 2453 680 374 37 63 30 48 -1 -1 11 92 247 -1 519 3344 614 50 17 16 -1 91 83 -1 7 41 1 80 475 106 178 308 -1 11 13 0 103 44
11 40 28 25 -1 168 52 -1 -1 -1 -1 -1 -1 -1 -1 -1 -1 -1 41 -1 -1 -1 0 70 138 425 779 36 62 -1 1 176 79 1881 -1 9 3559 2036 99 59 239 149 1080 71 22 2169 2036 18 227 4385 3238 11 -1 176 379 357 544 2 75 29 -1 22 41 61 -1 1138 38 -1 -1 -1 230 22 215 1281 784 91 66 41 8 454 132 9 40 -1 6 -1 139 61 8 194 2 -1 -1 -1 0 -1
-1 -1 1 105 30 7 105 -1 -1 3 16 3 -1 -1 21 118 21 247 187 -1 -1 16 25 -1 -1 323 243 83 56 7 3 51 82 996 27 35 1008 430 84 11 78 182 176 71 22 23 40 18 40 1126 704 124 12 1204 106 104 24 18 19 63 -1 81 32 2 35 213 22 -1 10 -1 348 10 10 -1 16 23 26 143 -1 36 16 134 2 -1 -1 453 2 0 27 29 50 157 68 62 -1 312
-1 125 84 15 -1 0 70 14 -1 53 78 -1 48 7 -1 -1 74 6 -1 -1 -1 0 1 21 -1 -1 11 379 7 35 86 124 1176 1599 17 29 -1 -1 294 4 179 1748 711 -1 14 -1 27 412 38 25 13 42 329 295 1 138 264 172 50 46 37 60 3 47 55 -1 67 136 0 112 74 -1 -1 -1 66 40 -1 88 17 23 21 211 -1 28 -1 7 23 -1 1 135 -1 39 8 2 -1 20
151 -1 0 -1 -1 -1 14 191 50 260 -1 42 117 -1 -1 -1 13 -1 21 -1 -1 -1 17 8 -1 4 17 -1 3 44 -1 11 16 2 142 1830 1054 92 115 55 -1 38 376 -1 -1 -1 43 -1 91 163 -1 55 236 6 17 1081 3214 325 32 157 747 180 98 17 -1 -1 41 1303 14 99 -1 -1 300 2 1 38 12 74 40 13 1 -1 -1 80 436 51 15 -1 30 0 28 -1 -1 -1 20 -1
324 4 123 784 59 61 230 58 15 635 76 289 454 -1 20 -1 34 14 43 23 -1 -1 51 7 -1 22 -1 15 -1 -1 7 17 -1 50 63 470 1364 3486 587 -1 8 103 1914 169 178 84 31 32 4 26 403 168 -1 33 3 54 785 48 55 139 2194 44 568 81 83 14 876 2446 88 411 20 -1 88 12 24 36 23 7 6 31 124 20 50 229 139 -1 40 -1 10 51 91 23 -1 -1 16 15
23 17 1851 3699 459 315 102 17 -1 -1 23 165 654 144 -1 89 -1 -1 -1 12 11 5 16 -1 18 258 28 26 29 47 -1 -1 -1 234 314 3118 4924 1277 312 103 323 -1 33 34 -1 -1 16 -1 -1 139 3303 333 10 80 87 210 264 295 213 49 6 42 552 20 20 50 892 498 29 25 16 -1 36 -1 9 435 90 61 10 14 1 165 -1 -1 30 14 8 38 -1 0 -1 21 339 -1 -1 21
22 56 1076 2747 4583 2527 666 27 12 82 112 224 -1 5 -1 11 5 -1 62 666 713 -1 43 -1 -1 38 64 167 150 30 55 35 92 193 240 3230 5499 1283 450 15 13 5 -1 -1 -1 37 -1 71 35 142 221 15 104 -1 14 11 47 146 71 8 29 14 437 383 54 5 15 58 30 199 100 -1 0 89 16 14 0 0 5 17 306 135 17 -1 -1 32 28 34 210 142 34 44 388 -1 97 -1
20 304 1669 1414 2335 4100 1758 16 40 -1 -1 205 169 0 15 -1 58 44 21 -1 18 -1 -1 24 145 62 110 -1 26 35 26 22 402 505 673 3030 3524 696 3380 2981 317 167 19 -1 22 39 163 220 2 26 55 -1 102 32 18 6 -1 20 104 254 335 51 174 326 2 -1 21 26 -1 -1 3 226 710 14 66 51 -1 5 55 412 84 7 35 66 145 85 24 18 60 31 -1 -1 40 -1 -1 -1
158 543 651 1873 2829 1230 2286 371 41 61 -1 885 700 86 5 -1 28 -1 -1 5 62 -1 -1 -1 7 -1 -1 -1 5 8 69 13 107 -1 336 1839 4642 1477 2714 1601 81 57 22 -1 13 -1 30 -1 30 15 34 -1 574 30 21 20 9 42 -1 38 214 261 1091 30 23 -1 53 5 2 58 90 123 6 27 -1 23 27 20 36 22 11 20 8 -1 89 47 -1 -1 3 3 3 4 5 4 -1 -1
1 171 2974 4223 3439 2443 3398 2229 200 163 -1 24 1409 769 -1 -1 -1 132 -1 11 35 1 -1 -1 20 0 18 -1 9 21 10 27 247 126 1891 3245 2750 4065 933 30 1252 2740 322 190 420 28 -1 32 7 26 -1 -1 32 10 6 10 26 2 42 13 13 62 334 565 298 265 100 3 1 15 240 355 35 14 20 18 24 28 18 10 115 10 15 -1 1 65 57 88 14 29 3 -1 -1 -1 -1 14
49 14 5 1522 4191 294 2813 1385 -1 137 -1 -1 -1 61 124 -1 57 223 -1 -1 55 13 27 19 34 150 100 2 -1 5 8 0 6 187 74 520 643 2224 789 328 4450 4889 3197 1006 481 0 20 -1 -1 47 14 72 446 14 0 115 438 88 -1 642 1407 35 1483 4811 3485 3921 1548 44 7 8 171 77 -1 8 -1 30 113 142 12 -1 39 19 20 -1 259 119 3803 3424 957 30 2 -1 31 13 4 37
-1 -1 129 207 550 9 8 109 562 333 -1 -1 -1 -1 17 2388 583 1 -1 35 71 4 75 34 -1 227 374 7 6 99 -1 -1 89 63 7 85 3 36 100 209 529 2878 1846 3827 825 201 62 70 -1 -1 114 135 177 93 184 77 32 29 232 3845 2519 2 796 3984 4273 4316 3951 3 64 24 2 197 8 10 14 20 0 15 19 -1 19 4 1139 656 313 425 2658 3128 790 19 -1 11 14 51 35 -1
57 61 -1 0 169 330 -1 15 4 -1 -1 -1 -1 0 1106 5693 2528 79 32 186 15 -1 33 30 -1 328 530 52 -1 69 2495 482 116 396 88 8 5 3 3 357 2626 4012 1116 2177 755 270 51 200 7 4 71 68 274 197 103 74 7 74 550 2213 1680 70 1666 5166 3653 3860 2262 0 67 1415 46 48 30 76 0 12 16 -1 -1 5 1 41 790 151 69 132 2974 2382 1564 -1 6 8 24 25 -1 -1
120 -1 26 19 115 231 29 76 1 17 -1 16 52 74 299 1215 3328 599 19 201 468 24 57 7 11 15 -1 -1 2 12 564 663 75 232 51 -1 96 25 9 490 1684 364 271 11 500 134 457 2848 497 295 51 50 289 366 2136 487 10 -1 41 125 15 17 114 1571 2187 3948 697 576 423 2416 1186 18 19 250 66 17 16 -1 78 21 34 500 21 203 4 220 1521 2379 260 119 -1 4 -1 1 -1 -1
11 14 0 26 72 20 10 73 -1 -1 -1 7 2 2 37 1439 2303 2828 222 446 616 488 14 256 615 88 17 3 12 4 19 13 -1 11 71 -1 503 12 54 1556 520 144 161 100 1299 75 1661 3047 1640 241 18 57 333 437 1257 2737 167 25 7 14 25 14 34 18 127 1437 86 2041 1538 422 311 369 578 74 13 65 129 27 28 83 15 -1 -1 17 9 43 153 49 188 35 -1 -1 -1 -1 13 11
-1 -1 63 82 2 145 -1 -1 35 131 63 -1 48 -1 58 -1 83 162 59 279 1543 1702 -1 25 8 30 17 31 495 602 0 -1 51 13 50 -1 727 -1 37 45 10 1808 400 494 440 -1 463 386 608 102 12 163 139 479 658 1960 1156 97 1 3 61 15 29 8 30 420 168 93 291 912 216 415 3557 873 72 5 298 111 59 48 2 18 16 27 23 -1 40 23 -1 -1 14 14 -1 -1 -1 -1
-1 93 67 21 1961 487 1 4 -1 80 375 451 55 4 -1 7 -1 223 285 290 236 1 10 25 -1 8 14 -1 582 1074 118 -1 -1 15 -1 14 27 -1 36 -1 34 87 123 1334 307 -1 15 275 331 37 15 21 533 1494 1583 1675 2463 2512 89 8 73 3 8 19 769 272 70 -1 21 1565 3678 158 1962 60 53 48 264 507 11 -1 115 -1 -1 -1 -1 20 392 -1 -1 44 -1 -1 25 -1 791 406
-1 -1 8 184 3914 814 18 9 -1 1476 1794 3584 1971 1 54 -1 1 36 33 12 138 30 62 16 10 22 195 637 456 17 3 55 28 40 31 -1 29 18 25 0 436 46 -1 364 449 66 42 18 13 56 7 56 1175 468 4937 1650 3206 1111 10 1 41 11 0 22 253 191 94 34 198 1661 1464 236 330 94 79 1284 1636 116 46 21 213 41 13 -1 11 -1 1 4 -1 8 18 63 -1 -1 0 7
-1 -1 -1 9 217 154 -1 -1 85 2280 3954 2982 1349 1130 1958 226 859 100 10 19 -1 -1 23 69 45 15 188 1408 8 -1 9 11 2 468 -1 30 28 15 -1 25 275 1 13 116 745 2013 165 27 19 127 5 -1 31 224 1805 138 250 23 23 33 49 -1 1 24 41 68 -1 89 164 256 1511 219 18 95 411 773 1448 109 -1 -1 48 43 39 11 10 28 -1 23 -1 -1 -1 33 30 11 28 16
17 -1 15 38 38 25 -1 -1 0 2491 5346 3649 2668 3011 53 463 69 96 35 139 15 14 30 1394 793 39 32 29 31 -1 -1 -1 18 48 -1 0 -1 132 51 -1 75 7 34 31 735 1570 41 24 -1 -1 10 87 546 387 1103 739 168 140 75 143 29 19 37 4 28 22 75 382 479 9 0 182 64 2489 3987 2748 46 26 10 54 -1 116 74 15 -1 275 -1 2 19 0 132 -1 15 21 -1 196
158 52 18 73 25 24 -1 45 1100 2935 2515 2520 5129 3438 -1 564 2551 1260 16 52 -1 55 2574 5248 2967 597 383 18 63 3 291 276 55 244 -1 179 -1 378 -1 14 27 -1 138 325 11 121 26 4 243 6 480 459 3375 419 34 626 72 11 297 102 903 1010 34 174 2 -1 -1 452 464 579 565 785 200 1918 1418 421 8 -1 21 -1 132 74 -1 -1 165 27 8 166 -1 186 115 13 26 61 -1 185
834 30 39 47 15 81 27 59 1206 3513 2785 785 245 361 321 1651 3191 4585 1869 1344 52 53 805 2205 3528 2500 17 39 39 44 24 62 -1 -1 -1 -1 -1 7 12 -1 10 12 21 515 0 -1 228 16 197 76 0 0 1027 35 58 236 418 -1 19 37 845 1772 184 128 216 167 926 1624 406 721 2768 5354 766 3867 522 183 45 -1 5 -1 22 13 -1 41 45 40 28 14 -1 -1 -1 6 19 8 -1 -1
1562 56 21 221 135 202 101 6 594 527 1540 57 4 1838 2979 59 2894 4842 2521 119 42 79 1865 4154 2421 1127 17 287 1775 37 17 -1 -1 28 -1 -1 20 61 11 -1 128 66 33 52 5 12 38 12 52 61 18 64 35 11 13 105 708 25 129 -1 169 138 95 148 -1 12 2316 1926 3128 2648 1809 1561 2393 5307 1183 1 -1 13 42 -1 28 1 -1 0 12 -1 -1 13 7 26 -1 13 111 14 6 6
49 -1 970 47 13 -1 4 23 86 1120 3919 2010 30 789 1252 218 436 964 503 51 23 20 87 50 242 16 4 109 1 2 52 63 -1 -1 -1 40 -1 46 90 286 22 25 -1 28 24 6 0 17 -1 57 -1 94 -1 383 28 7 94 15 841 23 -1 69 39 574 2493 1578 252 1009 3026 5921 4781 3103 4801 2273 1302 4238 6 -1 10 5 69 47 -1 -1 23 3 -1 -1 7 59 -1 -1 -1 -1 -1 2
-1 10 978 594 190 10 509 106 130 3279 3421 2303 43 14 116 1937 1871 1082 64 66 143 76 57 73 219 375 8 293 3 -1 2 52 245 -1 15 18 63 -1 -1 -1 25 824 -1 96 217 -1 -1 37 17 116 10 132 7 33 18 14 25 -1 69 9 -1 10 330 1358 2238 485 2791 2428 2020 4943 2541 11672 7356 4197 1096 4329 1277 -1 52 72 -1 -1 15 10 -1 -1 15 -1 -1 -1 -1 -1 11 -1 5 347
0 -1 -1 89 898 1988 983 85 142 37 854 609 13 8 2 586 2487 2359 68 78 28 40 101 147 17 166 32 24 10 187 674 2300 4272 1556 19 40 -1 311 -1 -1 -1 -1 55 -1 -1 90 14 -1 330 27 -1 110 97 114 2262 238 161 -1 26 14 188 19 72 2307 432 1248 4519 3798 5329 6641 958 7429 8627 6152 4333 4794 3943 258 28 -1 57 9 -1 6 49 13 382 41 62 -1 -1 51 36 -1 -1 17
-1 0 6 596 569 571 259 8 143 385 191 230 15 407 2200 635 2022 2444 142 415 121 5 1138 728 26 36 28 -1 21 414 548 1524 4093 1850 2629 2496 246 8 -1 18 179 -1 33 3 0 134 -1 -1 20 -1 13 86 13 -1 36 31 596 -1 8 22 142 269 151 1466 889 525 3755 1370 5220 8491 3323 7570 16179 7094 5642 3745 3599 932 26 15 -1 -1 -1 -1 -1 -1 29 28 18 14 44 15 -1 -1 14 -1
752 577 1967 2892 3358 252 19 690 1796 172 1436 3041 2499 3334 2713 131 1676 3746 440 534 26 -1 54 47 20 24 38 30 46 16 34 381 1147 4120 5257 3661 105 98 562 16 1231 -1 141 -1 -1 8 12 10 -1 -1 82 517 720 8 30 -1 1752 442 16 1887 422 14 18 262 1832 2853 3755 3679 4567 10432 8528 5527 13582 5286 3063 3040 528 357 53 901 506 22 -1 67 18 -1 -1 -1 -1 -1 -1 -1 -1 -1 9 -1
827 3521 3780 4084 2738 3169 291 1451 3458 2383 4277 3777 4648 2117 2930 3628 873 3316 799 137 41 2 95 48 57 33 2 50 14 142 1537 1319 2238 4466 3965 5056 2139 1025 1891 51 -1 -1 21 -1 22 2 33 2 98 -1 39 94 619 0 77 36 31 35 5 475 111 107 76 49 2360 1205 3997 3453 5050 3529 1748 6187 5504 3691 743 131 173 -1 19 41 -1 -1 -1 324 492 46 145 15 -1 -1 33 -1 -1 -1 -1 26
1062 3745 1388 3062 5806 5685 3908 4103 4453 5429 2283 2487 5825 2859 2046 3302 281 2819 649 121 19 33 56 354 15 27 -1 -1 9 241 35 777 828 3711 3404 3555 1681 1558 2139 6 41 -1 -1 5 441 129 -1 10 8 10 12 -1 -1 -1 54 7 -1 15 9 131 196 45 102 1 9 2 382 4081 2800 1931 5182 4237 4076 3134 2216 512 6 60 -1 9 -1 20 -1 81 -1 -1 -1 19 126 -1 -1 -1 -1 292 -1 17
1590 3531 3419 1639 5375 4477 4582 3986 4743 5054 1031 4898 3253 4681 1771 618 2688 2989 391 247 374 958 2891 284 31 46 23 38 23 34 53 377 -1 2665 3562 2515 109 623 1394 88 108 8 2 54 89 26 -1 128 0 10 79 13 14 98 28 63 86 153 17 3 32 23 -1 2 24 57 139 1180 1060 4113 6371 5536 2213 1322 4062 4357 180 -1 67 46 65 22 -1 11 21 45 -1 1 169 -1 44 8 -1 164 -1 -1
2318 3995 6566 3860 5658 2734 653 1237 3191 4870 4553 3026 4520 3801 2575 110 724 1901 246 645 698 1998 3823 3018 2803 1589 132 65 9 -1 61 15 -1 1402 86 190 57 286 210 821 180 17 9 14 66 70 17 -1 66 -1 12 7 -1 4 -1 32 0 0 -1 4 22 53 374 110 235 2391 158 300 2751 5781 2763 3658 5106 3402 2644 3614 1385 380 56 -1 -1 30 117 4 -1 -1 -1 14 34 -1 -1 -1 13 -1 -1 -1
3018 2834 4934 1413 1921 4643 3303 3589 3198 3511 2866 3253 3184 3340 4186 188 580 341 1039 2727 1800 54 865 2557 3263 473 128 26 77 85 48 5 71 82 138 491 1108 42 250 1253 69 74 1659 1519 16 -1 10 11 -1 2 -1 13 154 -1 16 316 342 -1 858 977 30 0 133 84 537 2792 1451 441 1515 3348 4345 2687 3908 3451 -1 39 300 833 748 118 -1 18 0 3 -1 36 32 57 -1 -1 -1 -1 -1 -1 -1 -1
4560 4733 5856 3980 2881 2843 4332 5487 3222 4461 1279 4017 5880 8515 3138 3812 784 51 591 5086 1411 -1 283 1835 2086 2488 23 102 32 26 21 13 42 892 180 5 200 29 130 517 -1 46 2871 3006 979 10 38 77 12 25 14 774 756 -1 21 247 3667 3097 4108 1231 30 47 14 1148 969 2999 1448 2103 3712 536 745 436 2004 1268 30 60 28 1107 110 134 -1 38 -1 12 18 -1 -1 -1 -1 -1 -1 -1 87 -1 -1 -1
5009 3970 5123 5909 4722 2025 3009 3332 2170 4800 4908 2938 2739 5152 1977 2343 608 261 513 1838 1185 -1 -1 1457 2096 3702 3843 167 30 6 3 106 22 2080 35 61 454 18 15 90 83 -1 1 983 202 10 153 183 62 24 16 160 138 -1 37 699 2597 684 643 64 8 16 41 110 42 274 1093 1610 2730 666 306 264 22 -1 0 83 1 14 109 -1 -1 -1 -1 19 19 -1 -1 20 -1 -1 447 148 -1 32 -1 -1
3514 2881 1387 1285 4739 2866 1692 3117 3351 2001 3975 5107 4275 2584 5234 1327 1949 1551 6478 5414 3968 1743 565 2204 3484 4085 1986 26 36 17 28 4 12 589 -1 230 661 32 28 1 8 15 10 30 268 199 26 73 138 322 174 14 135 1109 2345 2581 165 23 52 150 704 704 4 1452 3 42 1952 511 209 2514 3329 57 3 74 125 46 40 -1 2 13 15 0 -1 18 -1 -1 29 54 19 25 -1 -1 -1 -1 14 -1
378 92 898 3016 4657 4113 3661 4021 3746 2711 1244 4454 5086 4731 1203 2120 3884 2258 1671 5408 7224 4746 4342 4310 2397 2474 1495 48 96 25 22 18 21 21 20 2 31 -1 25 19 53 273 1 120 977 43 26 53 26 34 12 21 703 4307 4921 2612 83 11 25 48 1675 614 -1 1 -1 -1 1054 89 20 35 18 24 8 -1 -1 -1 490 11 12 815 1126 1 36 205 -1 -1 -1 0 28 139 8 -1 -1 59 -1 -1
100 49 872 3805 2747 4792 3197 4571 5633 3451 1319 5081 3871 3915 1011 4738 5899 5764 4949 5889 5965 5227 5069 4569 1845 2334 2647 22 7 78 53 4 18 151 14 31 19 -1 6 6 61 -1 110 977 3463 2114 225 2 2325 2294 850 474 1452 4482 3060 3638 1395 102 72 110 1163 1049 152 740 2169 20 0 77 138 -1 80 -1 -1 19 -1 -1 2569 727 132 1280 1872 168 -1 13 266 -1 -1 17 -1 -1 -1 50 146 43 -1 -1
28 158 1150 1851 4772 3975 3449 3072 3939 5042 1159 3788 5883 924 151 137 4576 4762 2618 2046 3918 4599 6142 4514 3790 1478 2426 1281 299 671 141 109 86 353 70 97 6 19 3 52 56 63 84 582 2944 3560 2440 2966 2761 3168 1691 168 830 583 1611 4808 1945 82 87 120 153 55 -1 -1 1698 2275 -1 177 -1 305 20 70 -1 314 25 -1 379 853 24 242 38 50 9 11 177 -1 200 -1 -1 -1 -1 165 73 132 4 119
179 57 2468 4909 4766 4715 2608 2390 4497 2029 1934 5312 3559 1129 41 259 4662 3032 2641 490 2771 5409 6454 4432 4979 2760 5651 739 217 1210 743 236 173 200 99 2 201 35 31 -1 28 434 286 811 4477 4848 6186 6294 3583 1659 263 1 -1 25 811 1220 213 -1 -1 260 382 -1 13 -1 684 1353 -1 36 1 22 -1 -1 -1 0 56 -1 -1 146 21 -1 -1 41 -1 -1 0 -1 -1 -1 -1 210 2 -1 -1 -1 -1 -1
1107 424 1158 2828 4315 4604 1585 4151 5387 2855 1166 3337 3208 4164 1184 6501 8203 5442 8204 7372 2548 3443 5311 3775 487 1079 2603 2500 2905 1546 387 1385 107 10 114 82 54 113 89 71 541 151 22 19 4 613 2279 2772 3015 3857 2748 158 -1 0 23 134 3 -1 -1 26 22 -1 242 -1 420 -1 459 157 145 -1 -1 22 32 -1 184 -1 -1 -1 -1 2 29 7 244 54 55 -1 -1 -1 -1 34 -1 224 -1 -1 -1 96
4227 1871 1829 1943 3636 3167 2937 4858 4352 4248 1407 1536 1895 2586 2701 5555 9471 7196 10598 8531 1955 1958 1148 2235 4967 5738 3945 4474 5626 3372 32 1729 490 -1 15 5 36 115 70 33 483 1393 19 55 14 47 118 909 1332 2305 3038 632 22 80 7 8 -1 65 0 18 3 -1 19 -1 179 47 12 -1 7 53 53 137 171 31 61 -1 71 22 70 0 45 69 548 3 77 54 170 23 -1 -1 -1 -1 -1 -1 41 284
3939 3361 4391 3021 2188 960 4319 2729 1152 4982 1983 2329 4340 6704 3973 3006 5835 4432 6669 2800 3536 3920 8222 7685 5069 4234 3787 4423 5789 4527 300 907 1036 21 -1 36 3 63 42 90 38 89 -1 -1 -1 12 33 1276 342 67 456 19 1013 69 22 183 14 34 -1 49 48 577 29 -1 193 0 -1 27 59 173 11 58 106 40 2 -1 123 1 19 -1 -1 90 45 13 1429 1232 874 60 -1 -1 -1 -1 83 429 18 20
4469 4476 2875 4254 666 1173 4734 3710 3111 6246 4684 4930 5873 6148 8797 9618 4550 4419 5049 4045 2545 4355 10380 8225 5280 6110 5387 2833 3448 3588 2791 313 303 5 10 3 30 1 12 129 381 111 -1 1 72 29 512 5077 3753 -1 1234 523 63 4 401 150 6 -1 -1 40 -1 158 665 91 19 9 31 43 36 612 -1 147 -1 -1 17 0 -1 -1 6 -1 -1 -1 776 39 3146 3871 3032 254 19 158 20 9 113 154 -1 15
4639 4799 3767 4222 2902 3686 3965 5140 3780 4292 2737 2914 5542 6218 6164 5706 4199 7489 7868 2558 2948 4294 12183 4851 4520 4954 5102 2368 5057 5425 6280 384 29 16 8 54 23 51 21 35 199 21 121 48 120 3257 4090 4005 2555 148 1353 2130 84 -1 37 4 -1 8 21 -1 -1 -1 -1 90 7 13 11 -1 -1 -1 208 186 36 -1 7 7 0 38 -1 -1 71 -1 29 136 2624 4019 1453 55 -1 -1 -1 -1 -1 37 18 -1
2882 3728 4640 4513 3676 3959 2445 4395 3451 3602 4818 4674 5280 3192 2491 2548 2242 2347 5994 4877 4090 5518 10102 6504 5698 5754 5780 3089 1547 2747 1170 279 44 23 24 5 -1 10 47 95 52 194 191 480 155 1479 1673 2568 206 46 7 47 131 11 28 -1 30 -1 -1 9 29 0 34 236 9 727 2342 27 2 23 3 4 15 -1 10 -1 -1 14 188 9 11 52 -1 152 370 514 -1 -1 1 14 34 17 116 3 13 49
3321 4494 4443 3025 3661 2181 5509 3249 2460 588 3382 3438 6042 5564 4631 5429 2571 1231 5096 7652 9599 10094 2012 2008 3872 5743 4682 4982 132 621 104 104 28 12 13 12 -1 -1 -1 73 26 10 124 992 1473 1175 1251 2153 997 52 159 204 233 9 1 86 21 -1 10 -1 -1 86 147 261 8 3566 2126 49 17 4 -1 -1 30 10 -1 35 1013 -1 49 -1 -1 -1 -1 32 11 -1 -1 -1 223 49 37 127 725 88 -1 5
2836 4140 3627 3539 3728 630 2142 4953 4104 2302 2209 1490 3599 3280 3116 4470 4207 1560 1798 4723 10332 9915 6228 6024 5978 4821 4664 4379 819 70 109 92 58 32 4 5 11 -1 49 10 -1 66 325 212 3909 5623 2442 4233 847 155 63 155 12 7 2 63 12 7 182 8 -1 -1 29 51 40 104 165 93 166 2 0 -1 46 460 49 -1 12 -1 -1 -1 -1 -1 -1 -1 15 253 -1 -1 16 12 127 2879 3646 1315 8 9
