UK_population.asc
ncols         652 -> /4 = 163
nrows         1211 -> /7 = 173
xllcorner     4000
yllcorner     7000
cellsize      1000
NODATA_value  -1
[rows 990 to 1044 of 1211, columns 384 to 479 of 652]
96 12 47 64 7 379 803 3951 4295 1172 57 -1 41 246 -1 74 -1 -1 -1 -1 22 5 -1 -1 26 -1 20 -1 9 32 -1 32 314 10 -1 -1 20 12 0 12 72 0 183 2290 197 123 1 32 -1 12 -1 -1 13 -1 -1 -1 -1 23 5 59 15 -1 77 120 39 167 307 -1 10 17 37 57 -1 18 -1 30 37 -1 15 15 -1 304 585 -1 -1 105 -1 20 1418 692 -1 215 211 20 43 -1
62 85 12 26 7 86 59 1041 499 264 211 23 -1 34 -1 -1 16 -1 -1 -1 -1 60 -1 -1 -1 -1 -1 39 3 87 124 196 11 -1 52 27 23 22 78 37 -1 135 1425 2122 -1 -1 11 21 50 2 4 47 17 58 113 253 13 15 -1 277 -1 24 222 217 257 32 -1 18 8 10 -1 26 185 61 -1 20 7 -1 388 76 -1 867 405 1 -1 -1 3 17 -1 -1 -1 10 1 -1 -1 26
-1 38 145 28 -1 433 103 126 85 273 -1 -1 -1 -1 -1 -1 -1 -1 -1 -1 14 14 -1 -1 -1 14 -1 -1 -1 127 111 1609 163 -1 203 88 43 -1 38 15 10 -1 -1 -1 25 -1 11 -1 10 95 81 86 8 3 31 1164 34 60 62 653 30 54 283 460 -1 -1 -1 66 118 0 654 653 68 -1 -1 -1 95 36 12 64 39 72 35 -1 -1 94 -1 164 372 -1 -1 -1 52 -1 9 -1
25 -1 14 634 1731 1561 2135 604 1047 174 1 -1 -1 -1 -1 -1 -1 -1 -1 -1 -1 267 -1 -1 21 -1 25 -1 -1 -1 70 6 -1 23 24 -1 -1 213 138 45 266 -1 28 82 -1 -1 -1 15 14 485 165 3 0 5 7 -1 -1 34 7 14 251 122 75 24 63 22 8 17 15 863 3230 353 -1 -1 19 -1 52 12 57 280 749 45 -1 -1 34 33 19 -1 174 -1 -1 13 19 4 51 86
20 105 54 2655 5672 3436 5426 2914 3860 2047 51 -1 17 -1 -1 -1 -1 -1 54 -1 -1 -1 16 258 21 -1 -1 75 17 -1 -1 -1 -1 18 -1 -1 -1 392 17 19 150 5 -1 -1 -1 -1 -1 -1 4 61 39 10 -1 0 -1 -1 -1 24 1 20 6 -1 31 -1 21 202 6 -1 914 4662 4966 3352 10 20 -1 -1 466 141 -1 -1 164 -1 -1 -1 -1 -1 23 -1 -1 42 -1 43 -1 8 2 -1
260 223 259 3027 4923 4768 6014 7426 4770 436 -1 -1 -1 -1 -1 166 64 -1 104 -1 -1 21 -1 -1 16 9 35 4 151 39 -1 20 1 74 -1 10 457 61 47 20 31 43 -1 -1 443 135 95 18 -1 -1 -1 -1 31 52 54 1 -1 -1 -1 -1 -1 14 34 7 16 -1 7 31 1223 2864 3275 2100 835 212 -1 0 260 25 21 212 81 63 -1 -1 -1 83 21 -1 40 554 36 9 37 10 -1 120
38 302 648 3069 4232 3761 5725 3911 2167 282 -1 -1 84 22 -1 34 69 -1 23 -1 -1 -1 -1 -1 -1 -1 -1 26 1234 317 17 46 -1 -1 -1 -1 124 -1 -1 10 -1 -1 -1 -1 144 37 66 42 17 -1 1 59 -1 -1 35 -1 -1 -1 7 26 52 24 0 0 14 11 9 320 261 161 685 3046 1 -1 -1 27 -1 -1 -1 244 440 0 44 18 -1 14 -1 -1 -1 -1 391 391 32 42 -1 13
1233 325 328 1657 4571 2983 4322 2470 3874 1458 9 10 -1 56 -1 -1 -1 -1 -1 79 -1 -1 43 25 15 -1 -1 160 830 693 -1 -1 376 60 97 -1 -1 20 61 103 5 -1 -1 15 32 -1 -1 16 147 0 40 -1 -1 -1 -1 76 13 -1 6 190 631 42 44 9 27 52 -1 26 -1 72 221 110 58 17 44 -1 -1 -1 -1 168 440 -1 -1 -1 -1 -1 707 33 -1 -1 -1 39 432 -1 -1 1
1359 82 62 -1 264 742 1565 1344 1438 139 143 4 67 88 473 -1 -1 -1 23 26 -1 -1 37 -1 106 7 -1 28 -1 188 79 197 677 61 -1 -1 -1 21 35 -1 17 -1 -1 43 -1 22 -1 1044 1142 -1 3 -1 -1 4 95 222 149 2 5 0 74 496 237 -1 -1 18 -1 110 308 -1 63 76 1610 162 131 19 30 3 -1 26 178 113 -1 -1 -1 83 247 22 15 -1 -1 -1 252 -1 -1 -1
37 -1 -1 950 639 72 26 17 -1 -1 -1 63 -1 60 31 287 31 -1 -1 -1 -1 -1 20 -1 -1 -1 -1 -1 32 -1 -1 -1 68 118 -1 108 31 -1 1169 377 50 304 255 18 -1 -1 -1 16 432 11 -1 36 -1 -1 -1 -1 36 26 6 32 179 -1 36 -1 27 309 24 4 -1 -1 -1 70 29 9 18 3 -1 4 -1 20 30 17 82 40 24 44 -1 79 2 -1 -1 -1 43 299 34 16
455 70 26 189 2 95 83 -1 9 -1 -1 -1 -1 6 12 -1 -1 43 17 63 5 -1 44 -1 -1 -1 -1 -1 93 -1 -1 172 24 -1 -1 -1 -1 65 278 652 132 28 -1 -1 -1 -1 -1 11 11 43 14 1397 -1 59 22 -1 726 135 -1 119 94 87 459 33 -1 75 3 24 -1 295 -1 14 355 379 387 151 76 80 205 -1 8 11 -1 118 35 52 534 2 -1 -1 -1 -1 2 64 0 -1
1250 3627 548 171 15 39 85 -1 40 -1 -1 16 -1 -1 -1 -1 -1 -1 58 3 -1 -1 -1 -1 -1 -1 -1 -1 -1 -1 -1 -1 -1 -1 -1 -1 -1 56 -1 10 19 1 114 -1 -1 -1 25 268 426 14 25 82 89 271 8 8 1409 878 88 71 72 -1 -1 4 74 26 23 -1 54 91 -1 -1 141 220 272 31 25 25 7 38 -1 -1 117 135 38 38 1169 67 17 74 13 65 -1 157 74 -1
219 1160 317 73 29 13 37 -1 13 -1 -1 -1 -1 -1 47 429 -1 -1 -1 -1 -1 18 61 11 -1 60 -1 -1 -1 -1 -1 -1 -1 -1 -1 -1 -1 11 -1 -1 -1 -1 112 372 264 -1 43 239 5 17 -1 17 28 307 23 2 100 203 21 157 51 32 106 -1 13 -1 -1 55 339 22 169 9 30 -1 -1 5 -1 9 89 72 25 -1 -1 -1 -1 -1 -1 34 -1 9 42 698 1834 2725 2896 917
-1 -1 31 3 121 37 -1 41 153 18 -1 -1 -1 -1 -1 -1 -1 -1 -1 -1 68 -1 27 1437 -1 52 -1 -1 166 143 -1 -1 -1 -1 -1 -1 -1 -1 -1 -1 31 -1 -1 41 -1 33 6 29 -1 -1 6 138 31 1238 364 142 415 41 29 512 3029 2174 91 -1 377 -1 13 57 -1 -1 -1 -1 17 -1 26 -1 24 173 17 23 51 -1 240 -1 -1 22 22 -1 -1 30 3 2153 2911 5274 5067 2056
-1 97 -1 -1 22 7 17 -1 -1 -1 -1 71 50 -1 -1 32 22 -1 -1 -1 11 -1 47 52 61 5 -1 -1 -1 -1 -1 23 81 29 -1 57 -1 52 6 -1 -1 -1 95 41 -1 -1 57 201 34 151 353 82 455 911 129 1 0 -1 104 572 1764 4047 1159 21 240 11 36 -1 -1 -1 -1 -1 0 9 -1 8 -1 686 6 56 -1 -1 10 -1 -1 -1 -1 -1 -1 -1 8 1420 5450 3964 3710 4006
-1 211 38 59 -1 104 34 -1 142 -1 -1 -1 -1 -1 -1 -1 -1 79 -1 -1 40 -1 -1 -1 68 -1 -1 -1 -1 1 20 56 83 16 -1 -1 161 709 42 23 49 -1 51 -1 16 28 22 635 24 39 830 325 35 736 73 7 16 0 -1 1654 450 2183 119 7 -1 24 85 -1 -1 7 -1 266 155 31 -1 305 131 -1 38 -1 28 -1 -1 50 42 75 -1 -1 17 521 1315 244 1508 5202 5628 4103
-1 -1 -1 48 -1 25 38 22 6 12 41 -1 25 -1 -1 -1 19 309 77 80 23 -1 -1 -1 69 -1 -1 -1 -1 -1 -1 -1 -1 -1 12 3 87 613 -1 23 65 -1 6 169 25 80 1 963 316 210 -1 -1 -1 69 52 -1 11 77 58 98 56 66 83 -1 -1 30 -1 1 214 20 -1 14 19 -1 -1 353 93 22 33 -1 277 2 -1 -1 -1 345 56 42 120 132 95 63 -1 3909 1847 1743
68 309 -1 226 26 -1 46 2 90 -1 -1 -1 27 63 -1 -1 16 29 85 -1 98 0 -1 -1 -1 5 11 129 -1 -1 -1 -1 -1 -1 35 17 49 15 9 38 4 51 114 925 177 523 1784 4401 3812 1324 34 9 47 -1 16 215 78 473 -1 -1 17 909 3192 258 28 17 12 24 247 52 -1 -1 -1 -1 4 -1 19 34 -1 -1 20 -1 -1 436 104 133 7 108 251 -1 16 -1 249 -1 40 1044
82 54 -1 88 15 0 1 18 110 34 13 -1 179 194 71 -1 -1 34 56 -1 64 -1 24 55 -1 -1 -1 41 -1 27 -1 -1 11 -1 35 33 187 0 27 4 16 -1 24 123 31 1411 5453 2757 2817 84 15 41 4 28 1373 2703 61 -1 -1 28 734 1264 4607 955 465 16 2 -1 -1 269 40 -1 -1 13 33 95 4 -1 3 9 310 722 20 4 -1 154 807 -1 -1 112 -1 -1 -1 56 -1 156
4 -1 22 19 11 78 14 -1 4 48 -1 -1 59 54 92 -1 -1 1 -1 -1 26 30 36 -1 -1 -1 30 -1 -1 -1 -1 -1 -1 5 -1 42 221 16 133 1043 2551 97 10 -1 26 180 1372 836 100 14 40 93 -1 -1 121 110 86 -1 -1 98 -1 -1 4200 1315 1719 2214 323 944 68 24 6 -1 -1 -1 -1 158 239 -1 -1 6 60 1244 36 -1 74 1772 1507 2 32 8 -1 -1 80 21 -1 123
27 -1 57 35 2 11 -1 16 29 74 -1 23 -1 82 43 -1 -1 -1 -1 -1 -1 -1 88 20 24 -1 -1 -1 17 -1 -1 -1 -1 -1 -1 15 -1 29 -1 2287 3524 168 283 -1 39 3 8 1016 164 11 8 4 -1 -1 -1 -1 271 31 -1 -1 -1 57 5352 2561 3285 4032 3189 6291 2399 14 462 12 43 1 14 -1 325 361 248 59 -1 4 73 75 -1 38 71 37 -1 -1 26 17 34 -1 204 49
1 116 276 -1 -1 -1 59 11 9 -1 7 -1 14 42 19 24 17 -1 -1 8 -1 20 50 291 10 -1 -1 -1 20 -1 9 29 -1 -1 -1 -1 -1 5 17 2749 3354 143 79 -1 15 -1 11 -1 82 56 11 -1 -1 314 6 -1 46 130 76 539 907 1393 4910 7663 2429 3426 4540 3957 415 -1 12 342 100 2 52 0 -1 -1 180 6 -1 38 1956 2047 69 17 84 -1 1 71 4 77 -1 261 231 151
41 42 230 -1 23 -1 31 -1 -1 -1 13 42 10 128 41 -1 5 -1 -1 78 33 -1 -1 -1 -1 -1 142 216 0 -1 20 139 45 -1 19 0 -1 0 -1 358 258 178 36 19 0 -1 16 -1 -1 24 39 -1 88 450 1 -1 -1 36 2 1731 3048 827 1104 4462 7010 6891 1904 3780 17 351 675 2084 1176 111 7 38 205 99 -1 8 58 394 2391 4152 309 288 27 -1 59 22 385 39 38 211 106 -1
254 454 69 31 130 8 -1 5 16 -1 69 84 73 404 243 -1 7 -1 1 38 -1 -1 41 21 -1 -1 457 1 -1 5 11 0 19 -1 -1 267 31 125 35 398 39 7 6 10 -1 -1 -1 26 0 -1 249 62 69 15 28 54 -1 238 653 790 74 195 56 2501 3092 5274 5130 3025 75 842 92 49 10 7 140 26 67 87 -1 6 -1 17 -1 125 75 39 39 -1 -1 3 153 471 783 1047 128 6
2199 2114 300 250 31 1 225 -1 -1 10 -1 -1 13 2177 220 -1 15 7 26 3 -1 -1 3 7 -1 14 66 80 -1 -1 -1 169 62 -1 -1 117 -1 6 -1 -1 10 -1 -1 1742 263 124 407 21 -1 20 286 294 163 4 40 -1 107 73 506 9 51 -1 91 872 1574 5665 5057 2739 298 9 111 141 150 8 109 60 132 193 28 12 -1 152 -1 -1 -1 -1 -1 18 45 188 25 303 2552 1996 44 6
408 970 271 28 63 -1 5 21 -1 -1 -1 10 -1 335 2086 1645 76 -1 129 294 67 -1 18 22 -1 -1 -1 -1 7 24 1 28 -1 19 -1 5 349 -1 -1 -1 129 -1 50 197 99 98 518 60 -1 19 87 289 75 56 94 -1 8 -1 105 101 229 170 94 570 1537 2571 2650 6442 1812 976 299 168 18 0 164 376 8 -1 -1 5 103 -1 -1 26 -1 60 32 4 176 253 76 255 999 67 3 -1
119 13 259 49 24 -1 -1 -1 -1 67 40 -1 207 1202 4010 2917 21 9 105 73 123 3 106 -1 -1 -1 208 1408 284 -1 -1 10 15 2 38 3 -1 -1 12 37 545 -1 -1 -1 -1 11 -1 -1 -1 -1 -1 7 44 17 -1 49 607 94 193 1125 114 260 157 84 1868 588 76 642 34 6 101 -1 35 62 138 162 128 -1 -1 -1 337 88 -1 -1 195 80 90 1398 101 19 89 59 63 57 82 8
16 -1 1 31 -1 -1 -1 -1 -1 248 36 -1 -1 2112 1494 914 106 7 16 -1 -1 177 72 194 147 13 306 781 34 122 21 14 6 1399 -1 -1 -1 -1 41 90 69 -1 -1 -1 -1 20 -1 -1 -1 -1 -1 -1 2 -1 -1 145 14 32 164 968 291 170 49 33 293 -1 -1 16 146 -1 60 -1 -1 155 123 1 54 -1 -1 -1 -1 -1 -1 23 1 -1 1175 2787 35 -1 -1 14 19 493 486 109
39 1 26 17 20 -1 -1 54 -1 -1 68 28 -1 -1 20 656 258 339 -1 75 -1 20 -1 120 68 58 -1 78 1 31 115 14 229 842 237 37 58 16 -1 -1 -1 9 -1 -1 17 -1 -1 -1 -1 92 271 105 71 5 10 19 37 18 103 68 960 907 1994 452 863 4 -1 91 156 -1 -1 38 -1 41 -1 -1 37 -1 19 35 -1 24 152 36 108 303 135 31 74 -1 12 0 63 64 119 175
499 12 113 -1 12 4 38 -1 -1 -1 26 53 -1 -1 -1 2 59 0 94 7 -1 -1 -1 -1 -1 31 -1 58 40 11 -1 3 -1 -1 34 -1 8 23 13 37 20 29 -1 18 22 -1 68 -1 -1 181 96 660 957 25 150 190 115 70 188 163 1713 3592 4512 2421 744 54 105 10 57 20 35 66 589 36 42 36 4 5 -1 0 -1 -1 -1 21 212 2 9 35 50 -1 40 66 172 391 124 1399
347 12 -1 -1 -1 5 73 -1 26 -1 649 54 158 8 27 57 616 704 43 123 -1 162 363 75 95 -1 26 231 1 -1 -1 -1 -1 15 2 -1 -1 -1 -1 -1 -1 -1 -1 123 78 -1 265 -1 -1 17 61 307 246 42 26 35 90 347 -1 120 1630 3584 3556 1144 55 -1 21 41 5 -1 -1 -1 1 9 38 1134 116 9 47 21 -1 22 0 367 17 37 15 -1 -1 95 22 440 134 69 11 509
-1 -1 -1 -1 10 -1 81 90 93 -1 53 2 -1 8 -1 -1 864 313 60 69 83 28 -1 -1 28 18 -1 342 261 -1 -1 -1 108 -1 35 11 61 16 -1 64 -1 -1 37 54 3 0 10 55 -1 29 32 50 33 17 150 14 3 1150 14 161 3395 4167 16 -1 -1 37 6 75 119 2149 -1 210 88 13 1 1024 438 -1 20 -1 29 11 14 -1 -1 -1 31 733 1142 10 300 289 35 15 136 -1
17 10 9 27 55 6 -1 -1 105 20 8 58 73 107 25 80 13 60 40 27 22 335 -1 -1 -1 -1 209 -1 -1 33 1 15 -1 -1 24 -1 -1 8 -1 13 2526 1509 47 -1 -1 -1 61 13 -1 5 19 -1 -1 -1 12 -1 -1 -1 -1 -1 612 1280 132 87 87 282 68 87 208 649 26 19 -1 29 -1 3 4 161 64 32 75 82 13 -1 -1 -1 7 130 2072 35 356 59 68 -1 124 93
715 229 5 20 -1 -1 -1 -1 74 48 -1 64 24 62 147 -1 552 265 -1 -1 -1 194 37 -1 -1 26 -1 21 -1 -1 12 -1 14 -1 -1 11 -1 15 -1 100 2249 614 13 8 -1 66 183 7 10 159 74 68 -1 -1 -1 7 -1 -1 -1 1389 306 1 189 61 3 -1 106 5 0 673 83 93 -1 6 49 -1 43 12 -1 24 1777 531 51 -1 -1 -1 -1 -1 56 25 90 37 206 165 130 580
2283 1940 -1 -1 -1 -1 51 35 -1 -1 298 140 -1 1 101 -1 412 55 43 -1 13 2877 926 12 -1 -1 -1 -1 31 163 -1 793 1968 7 0 117 -1 5 174 124 108 -1 -1 122 35 919 958 16 -1 38 5 -1 185 167 93 10 10 -1 -1 585 94 187 502 75 282 12 772 2 81 121 37 395 70 23 248 -1 3 -1 9 110 42 92 8 39 18 14 -1 161 -1 62 -1 17 227 38 -1 429
359 104 53 -1 15 -1 153 457 -1 36 4 25 50 -1 -1 -1 158 9 48 38 99 2 -1 21 -1 -1 -1 -1 14 -1 135 2382 2461 11 3 -1 -1 -1 -1 -1 8 28 23 -1 -1 45 31 -1 72 -1 28 -1 292 471 3 0 59 36 365 327 327 847 98 36 48 -1 36 23 -1 -1 -1 430 -1 355 333 82 1 -1 -1 10 -1 55 -1 12 27 30 -1 71 -1 -1 158 222 609 814 53 1535
22 13 3 62 27 15 42 13 37 37 -1 -1 174 -1 167 -1 19 1 113 7 8 -1 -1 -1 -1 16 134 27 11 -1 15 70 126 26 -1 -1 -1 44 25 53 -1 214 -1 -1 -1 24 -1 31 -1 14 128 -1 129 24 -1 -1 66 13 358 257 548 413 133 430 2390 851 18 13 3 123 337 73 48 1102 759 1338 280 -1 -1 -1 -1 131 27 24 19 13 27 32 111 8 -1 40 777 729 0 1761
-1 -1 -1 -1 -1 -1 15 -1 59 86 -1 29 94 -1 608 294 -1 -1 -1 24 53 49 15 -1 -1 12 632 747 -1 49 1 19 59 55 1 13 906 713 73 362 -1 -1 21 51 -1 35 15 131 -1 4 -1 2385 1556 -1 8 -1 -1 -1 11 172 54 -1 279 2573 2454 4015 41 57 59 204 502 619 1026 106 620 781 71 2 20 -1 -1 21 12 38 -1 -1 25 29 4 70 27 490 89 -1 30 267
84 93 23 25 -1 -1 -1 61 3 9 -1 56 20 14 0 -1 -1 41 -1 -1 -1 -1 13 2393 3782 3937 1933 381 7 19 192 1 -1 -1 19 281 445 193 -1 -1 1 47 531 -1 -1 -1 -1 13 17 16 124 1825 1211 -1 34 22 62 230 205 104 316 1176 20 3258 4575 3761 77 27 187 10 29 1273 3969 761 50 19 16 -1 -1 34 16 36 122 10 -1 -1 -1 67 33 76 14 86 -1 66 -1 22
33 22 -1 -1 412 1210 18 21 127 55 -1 -1 -1 -1 -1 -1 -1 28 -1 -1 410 832 23 641 5776 4186 5081 3667 2527 536 231 48 -1 -1 -1 1171 370 -1 7 -1 17 22 110 23 5 -1 8 21 137 120 920 3816 2833 304 98 141 209 413 81 -1 143 386 1 321 1103 360 2 143 192 -1 -1 106 952 66 304 3 130 39 -1 169 306 84 -1 -1 25 123 -1 -1 18 0 -1 53 -1 -1 94 60
29 121 -1 16 2461 1182 272 75 60 -1 48 2 -1 8 8 15 23 -1 -1 432 1390 723 20 62 3488 5000 3178 4090 4088 2908 531 283 24 -1 60 125 -1 -1 -1 36 64 43 96 -1 150 56 202 113 349 80 389 1669 1642 35 45 21 -1 3 2 59 45 -1 56 267 -1 -1 -1 5 15 -1 32 55 69 45 9 9 33 -1 36 199 3 118 18 -1 -1 -1 -1 -1 -1 -1 50 11 -1 13 92 172
-1 4 -1 -1 180 702 309 432 110 -1 -1 -1 42 -1 -1 24 38 -1 -1 35 37 123 495 2964 184 1881 4807 3884 1100 3779 1730 76 -1 -1 -1 140 -1 -1 -1 -1 4 -1 -1 -1 -1 -1 -1 -1 -1 205 308 140 21 -1 59 13 51 -1 45 396 139 52 31 298 39 446 -1 445 -1 -1 1971 695 71 59 106 -1 0 -1 -1 -1 86 195 354 -1 -1 -1 0 73 3 30 133 12 12 -1 31 590
-1 25 -1 -1 -1 46 -1 113 50 14 47 1 22 -1 300 4 -1 25 -1 207 66 574 1469 3882 569 3045 2585 7218 2089 2782 3892 961 -1 16 -1 -1 -1 -1 304 -1 -1 -1 -1 13 -1 -1 -1 -1 10 101 38 -1 -1 -1 -1 -1 -1 -1 23 29 288 214 7 15 248 798 -1 107 -1 33 35 285 56 28 122 82 65 14 63 3 -1 3 14 -1 216 112 30 52 30 132 127 -1 10 366 106 283
49 11 -1 20 174 31 3 4 226 98 -1 17 126 396 3 83 -1 64 110 57 19 -1 1396 4008 3280 3083 6416 6305 5108 5616 2986 1382 -1 35 -1 -1 6 82 121 -1 -1 -1 -1 35 -1 -1 19 -1 -1 31 -1 41 10 -1 -1 -1 -1 -1 -1 -1 5 -1 48 -1 -1 10 -1 -1 -1 10 98 151 -1 -1 68 28 -1 -1 48 167 85 79 133 1 43 14 159 -1 106 26 113 74 134 248 136 169
-1 5 -1 -1 142 73 -1 -1 33 7 38 -1 2 23 -1 -1 -1 -1 396 2570 93 29 1253 5025 2606 1064 5176 4415 2718 5397 4001 1030 624 601 123 98 419 -1 -1 -1 -1 -1 -1 -1 0 -1 -1 -1 -1 -1 -1 7 -1 37 19 -1 -1 -1 -1 28 0 -1 -1 -1 -1 -1 -1 -1 -1 -1 80 421 201 -1 11 -1 -1 48 185 130 199 -1 49 73 25 12 160 1117 309 -1 3 56 58 63 545 -1
-1 763 44 49 -1 37 131 48 525 28 41 93 70 22 -1 32 -1 63 2321 3341 1085 9 215 238 -1 12 1064 1023 1238 390 786 1022 351 49 -1 -1 -1 -1 -1 -1 -1 9 19 -1 26 -1 13 -1 -1 -1 -1 29 -1 -1 9 32 -1 -1 -1 242 -1 -1 -1 -1 -1 -1 -1 -1 -1 -1 -1 1 121 12 -1 83 480 41 68 48 211 158 51 71 56 -1 5 2579 2267 22 116 4 18 -1 21 121
35 310 40 269 -1 17 10 61 -1 -1 1 152 48 63 83 45 13 83 754 460 6 11 13 0 -1 739 2104 58 47 33 32 46 261 2 137 58 -1 -1 -1 -1 -1 -1 -1 -1 5 5 -1 30 5 -1 -1 79 -1 -1 1 42 -1 -1 -1 62 -1 289 19 -1 -1 -1 -1 -1 42 36 127 334 1492 73 14 211 1723 140 44 11 84 111 619 237 -1 -1 1081 2422 2355 32 11 11 33 -1 -1 230
-1 43 108 400 -1 36 141 30 -1 59 -1 55 11 -1 24 89 -1 6 -1 80 -1 6 -1 66 -1 439 2494 314 91 35 89 342 5 5 -1 -1 -1 -1 34 -1 -1 -1 9 162 3 57 11 -1 -1 -1 -1 -1 3 20 -1 14 -1 7 -1 -1 29 174 -1 230 186 -1 -1 -1 -1 -1 204 752 884 12 47 293 6 -1 -1 35 91 204 2306 550 -1 -1 19 24 43 144 57 74 61 47 14 143
45 167 145 20 127 -1 48 60 120 80 -1 157 533 166 278 71 -1 17 -1 -1 73 -1 22 5 -1 12 358 184 536 -1 1365 471 -1 -1 13 -1 15 10 26 8 0 -1 -1 33 878 203 -1 -1 -1 47 -1 -1 2 2 149 10 7 -1 -1 -1 -1 -1 -1 494 600 40 53 133 36 -1 40 39 59 49 18 135 247 136 28 90 58 239 791 364 15 28 63 -1 150 1151 165 302 0 58 563 69
78 55 17 35 14 5 851 30 348 -1 -1 -1 68 927 2164 315 43 -1 36 19 150 27 -1 -1 -1 -1 -1 -1 64 9 38 -1 -1 -1 1 -1 -1 -1 -1 60 154 -1 -1 5 1628 404 -1 -1 -1 -1 -1 57 -1 -1 99 35 -1 -1 -1 38 74 34 -1 -1 22 0 14 61 -1 -1 24 -1 66 59 39 246 70 -1 -1 -1 -1 23 41 30 6 28 420 110 618 167 1164 1223 141 132 -1 15
-1 22 385 31 301 55 -1 40 92 62 -1 -1 -1 386 48 56 -1 -1 105 -1 103 181 -1 47 80 20 -1 -1 16 12 33 -1 15 -1 33 -1 -1 -1 -1 203 216 -1 -1 -1 -1 -1 193 -1 24 -1 -1 32 -1 348 104 24 5 207 10 -1 202 15 -1 -1 -1 -1 13 1 50 19 0 98 -1 71 51 594 33 63 -1 42 -1 375 246 445 933 40 56 -1 65 79 581 230 123 35 110 63
-1 17 8 254 203 -1 18 49 14 1 -1 14 49 93 85 -1 -1 -1 -1 114 -1 -1 432 92 -1 -1 -1 -1 -1 -1 -1 -1 -1 28 0 -1 -1 -1 401 -1 -1 -1 34 0 -1 -1 8 34 337 -1 -1 19 -1 18 27 276 -1 43 56 19 133 32 13 -1 408 222 110 32 101 50 235 586 50 106 116 1595 688 792 1444 100 -1 831 2641 2600 2737 1473 91 21 1 724 1600 1787 51 21 163 169
18 52 495 460 41 139 -1 6 8 -1 132 22 4 67 167 -1 1 49 -1 -1 -1 0 23 -1 -1 -1 -1 -1 -1 -1 -1 -1 -1 -1 6 -1 -1 21 1189 -1 -1 -1 39 55 -1 -1 -1 22 -1 15 678 -1 -1 39 -1 46 7 7 -1 152 79 -1 10 -1 13 2 0 -1 37 64 -1 63 381 229 159 209 49 1488 3274 561 -1 664 3138 3837 3150 1152 17 453 465 2085 550 2578 17 50 93 95
7 89 2836 2713 1847 -1 24 61 85 0 -1 54 22 49 -1 10 15 19 -1 -1 -1 61 75 -1 -1 2 31 -1 -1 -1 -1 187 213 -1 -1 26 20 9 52 -1 20 -1 15 27 -1 6 11 3 -1 0 59 10 -1 -1 -1 14 -1 24 -1 443 53 9 67 4 -1 35 18 251 122 22 34 20 82 116 34 262 56 1452 4666 4131 2514 528 957 4633 4352 493 232 755 2031 776 103 812 133 26 80 145
16 941 4427 4353 2731 456 -1 19 25 107 40 -1 29 -1 -1 48 -1 -1 -1 -1 -1 41 -1 -1 -1 -1 -1 -1 -1 -1 -1 46 29 -1 -1 28 -1 6 -1 2 11 -1 26 -1 -1 -1 63 30 63 35 19 49 91 33 -1 -1 -1 -1 5 321 76 245 185 1162 -1 12 88 116 16 27 11 -1 74 37 24 -1 7 1953 4864 4291 6229 8932 7497 3502 5447 5873 2472 3482 3468 4296 279 624 103 2 25 33
